200003482
200001648
200000775
200000785
200000724
200118010
200000773
200001092
200000782
100003141
200000781
200000777
200000783
200215341
200215336
100003084
200000707
200000662
200118008
200000668
100003086
200000708
200000599
200000701
200000692
200000673
100003088
200003491
100003187
100003196
100003191
100003198
200000846
100003190
200000855
200000841
100003192
100003188
200000840
200000847
100003193
200000850
200001665
200000852
100003195
200166001
100005782
100003232
100003207
100003227
200000863
100005783
100003206
200000869
200000858
200000857
200000864
100003226
100003228
200000868
200000872
200000873
200166001
200000540
200000535
200000541
200000543
200000548
200000550
200000563
200000832
200000529
200000549
200003479
200003487
200003488
100003257
200000756
200000744
200000778
200000795
200000757
200000568
200000796
200000799
200000801
200003489
200003490
100003269
100005792
100005791
200001520
100005624
200001553
100005790
200001554
100003270
100005823
200001556
200001270
200001271
100003240
200001096
200001355
200003410
5090301
100005062
200005281
200005285
200005282
200005284
200005289
200005287
200005288
70803003
1903
200216612
200216648
200002408
200002409
200216582
200216673
200118003
200216611
200216589
100005085
708032
70804
7171
70811
100005077
63710
63712
100000323
63704
200004368
2204
63705
518
200003109
200216614
63708
200215318
63703
632
708042
708045
708041
711002
708044
711001
200002347
708043
70901
711004
200002344
200216729
100005075
720
200004402
200002665
100002950
200004329
634
635
4402
604
200216773
100001262
63707
63701
63702
200002414
180606
200215228
200215227
200215208
200004542
200215198
200215206
200215197
200215222
200215209
200215201
200215211
200215202
200215241
200215238
200215236
200215225
200215229
200215230
200215210
200215224
200215223
200215231
200215246
200215247
50906
702
200002318
100005061
200140002
200004733
2118
200004732
5091002
200084032
200086030
200164002
200170001
200172001
200164005
200164006
200162001
200164004
200166003
200164003
200192008
200168003
200168004
2107
200216787
200003806
100006171
200216244
200004825
200003013
200216266
200000387
200004829
200000576
200004775
200004816
200000392
200216237
200004782
200000580
200003764
200000386
200216245
200000391
200000393
200216084
200000245
200000259
200000198
200215411
200215407
200215401
200215388
200001320
200215418
200215476
200215511
200215528
200215562
200215558
200215560
200216112
200216135
200216151
200216108
200216130
200216209
200216219
200216268
200004621
200000597
200000186
200004783
200004822
200216280
200000590
200000180
100005058
200000166
200000272
200004793
200004780
200000271
200000263
200004820
200000279
200000278
200000268
200000364
200216883
200000265
200216886
200216896
200004784
200216882
200001919
200216901
200216891
200216881
200216887
200216902
200216903
200000452
200000409
200000489
200000480
200000451
200000425
200000479
200000471
200000478
200216283
200000439
200000496
200000497
200000431
200214312
200000177
200000281
200215707
200000227
200003660
200216272
200216271
200000213
301502
200000187
301504
200000169
301507
200004635
200000367
100006841
200000368
142906
28290307
142903
200000363
200000407
200000406
200003004
200003002
200000506
200003003
200000512
200000513
200000503
200000504
200000510
200000511
200000509
200000514
200000508
200000507
200000515
200003014
200003571
200003015
200003350
200004786
200000404
200004785
200004934
200004346
200004349
200004950
200002956
200002517
200002536
200002523
200002529
66010313
200002509
66010312
200002544
200002519
200002474
200002462
200002463
200002460
200002466
200002461
200002459
200002464
200002465
200002467
200002550
200002555
200002556
200002577
200002549
200002557
200002558
200002559
200003057
200003056
200003052
200003048
200003050
200003047
200003054
200003055
200003071
200003049
200003053
200003058
200002503
200002667
200002507
200002453
200002497
200002452
200002505
200002506
100001102
200002666
200002504
3314
66010102
66030202
100001042
330609
660303
66030203
100001044
66030201
100001045
200002599
200002605
200002507
200002564
16080702
100001102
330609
200002596
200002594
200002612
200002565
200002566
200002567
200002568
200216777
200002592
200002577
152407
200002572
200002474
200002574
200002536
200002593
200002571
200002570
200002573
330503
100000999
330504
330506
330501
330507
100000998
330505
200003552
200003554
200002514
200003555
200003556
200003588
200002515
200003557
200003589
200002516
200002446
200002620
200002450
200002451
200002445
200002434
151306
151302
151301
151304
151305
200000092
100006741
200000101
200000100
200000099
200000108
200000104
200000102
200003190
200000103
100006748
200000117
200000144
200000141
200000143
200000140
100006745
100006750
200160001
200158005
200158006
200000117
200158007
200000147
200000114
200000111
200000110
200000156
200000116
200003191
100006749
200000160
200001025
200000164
200000163
361120
200000086
200000085
100006761
200003129
200000089
200000090
200000087
200214007
200214011
200214012
200214008
200214021
200214047
200214043
200216407
200002155
200002161
200002164
100001611
100001610
100001612
200002157
200002160
200003334
200216723
200216391
200002136
200002253
200002158
200002118
200002148
200216411
100001619
100001618
100001620
200002107
200002104
200002106
200002122
200002138
200002102
200004409
200002105
200002156
200002130
200002126
200002131
200004257
200002125
200002129
200002127
200003765
200010058
200010071
200010066
200001085
200214446
200028001
152402
200000764
200000766
152405
100002612
152401
200000762
100002613
200000767
152407
200092001
200100006
200102008
200086032
380520
380530
380610
152410
200001993
100002627
100002625
200001121
100002869
200001120
100002624
100002617
380310
100002618
200002036
152409
200010454
200214352
200214354
200214342
200214344
200214350
200214372
200214381
200214368
200214366
200214358
200214345
200100002
200102005
200100001
200098003
200110013
200096002
200100005
200110012
200102004
200100003
200214384
200098001
200096003
200098004
200112007
200102007
200100004
200098002
200102006
200005066
200005063
200005064
200010416
200005072
100005834
100006386
200005069
200005070
200005077
200096002
100005835
200005075
100005440
100005767
100005438
200010428
200003860
200003861
200010427
200010432
100006788
100006787
200003858
100006785
1911
100007135
100005441
100005435
200010424
200010425
200010429
200134001
200010430
200010426
200214082
200100001
200215442
200215441
200215579
2042
100005839
200196001
1222
1228
200106001
200010436
100003247
200110012
200215446
100006786
180601
100005300
100005648
100005372
1809
100005611
180605
100006139
100005668
2039
100005452
100005451
200110004
100005453
100005450
100005448
100005455
100006676
13003
200003862
100006795
100006796
200010440
200010441
200010442
100005838
200010443
100005461
100005463
100005468
100005469
100005464
100005669
200005131
100006794
100005377
100005335
100005568
200005132
200005147
100005483
200603
200005144
200005149
100005630
200005145
200005148
200005146
200005155
200003896
200005151
200005154
200005153
200100002
200010191
200010450
200005158
200010453
200005160
200005161
200005162
200005157
100005281
200010451
200010448
200010452
200005163
100006138
100005480
100005482
200005167
200005165
200005166
100006793
200005168
200005171
200005164
100005601
200005172
100006132
200005169
200005170
200110013
200005178
100006142
200005290
200005292
200005175
200005177
100005649
200005180
200005183
200005181
200005182
100005413
100005416
100005418
200003721
100005410
100005419
100005401
100002624
100005384
100005392
100006138
200003563
100005975
200003561
200118001
100007134
200118012
100005477
100005474
200003560
200003523
100005280
100005934
100006637
2027
200005111
2008
100006776
100006778
200005110
200005115
100005768
200098003
100005332
100005333
100005325
200005125
100005330
100005331
200005121
200005122
100005499
200005124
200005123
200010444
100006657
200005126
1225
100005518
100006791
100005524
100005523
100005506
100006789
100006790
100005933
100005581
2049
3006
100005582
200010457
2048
200010465
200010458
200010459
100005663
200002937
1704
200215351
1528
1905
200215639
200002934
100002993
1733
153802
1737
200018001
100005652
100004817
152303
100004988
100004960
100005004
100004998
100004936
100006616
200215651
200215252
200215609
200215585
100002993
200020001
200018001
200020009
40601
200214182
40502
40503
200022002
100000928
40301
200002885
200002071
200002906
200215838
200002064
200002896
200002921
200216511
100002412
100001728
100001749
12503
100004955
150302
100001712
100001720
115
100004947
100005733
200215322
152606
152605
200215320
152601
200215326
152607
1541
200003139
200003140
1516
100004932
154003
154006
200214182
200003313
154002
100006591
154001
154009
154005
154010
100005740
154007
100004859
200215261
200003010
100005164
100005165
100005166
200215315
200003214
200003213
200003216
390504
200003211
200003857
200003581
200003582
200003580
200003578
200003579
200003585
200003583
200003586
200003584
390402
15040204
15040202
390406
390405
150408
200002309
200003214
200003219
200003217
150405
150411
200003212
150410
39050301
39050302
39050303
200002279
39050502
39050504
39050505
200002280
200002278
39050503
39050507
39050101
200002296
200003222
200003076
39050102
200002294
200002295
200002293
200002300
200002289
150410
39050207
39050202
200003207
200215940
39050206
39050210
39050205
39050209
39050208
200002305
200003079
200002277
53003
200003078
200002276
200003220
390201
200003204
200003075
200003205
200003203
200216876
200002283
3999
150106
200003604
200003602
200003607
100002966
100002967
200003611
200003606
200003608
200002433
200003597
200003603
200002442
200003593
200003618
200003612
200002429
200002430
200002431
200002432
200002439
200002440
200002441
200216701
200003644
200003600
200003598
200003599
200003643
200003634
200003601
200003633
200216711
200003651
200000366
200003653
200003652
200003654
200003655
200003627
200003626
200003630
100002965
200003628
200003629
200003632
200003659
200003684
200003631
141906
52805
410201
52806
440402
200003903
410101
52801
1507
100705
1009
14190101
14190103
200215726
14190102
14190104
516
14191102
14191104
14191107
14191101
14191105
410401
410405
410403
410402
410404
14190402
14190410
14190409
14190408
141905
527
14191205
14191206
14191204
14191201
14191209
14191208
14191203
14191207
14191299
141909
540
150512
526
141907
141914
4103
4105
4099
400103
523
400101
400107
400104
141910
400105
400106
141908
400503
400502
521
5001
400599
400401
541
4002
141903
100006535
141915
522
400301
100006536
400399
525
515
150412
200002418
200002419
370340
370320
370330
370310
37042003
100001145
153801
370410
100002969
37042001
100002970
100001725
37042002
37042006
37042007
37042005
370803
100001192
370802
370804
3712
100001150
370120
100001148
100001151
370250
370220
100001149
370230
100001240
100001242
100001244
100001243
100001241
200216361
200216351
200216356
100001204
100001196
100001198
100001199
82207
150399
611
64302
64316
640
200216235
612
638
64311
100000048
100001605
64301
100000030
200215952
100000017
615
616
100000031
100000033
100005833
64317
200215101
64312
64315
100000019
100000018
100000021
100000022
100000025
100000020
100000023
100000024
100000208
100000274
100001684
614
628
200003292
1303
100006533
100002411
100006539
200003232
200003337
150306
200204001
200202001
200198001
200003257
200200001
1469
153803
1466
3011
200215432
3030
3007
200215419
3019
200215424
200215427
3009
200003251
200216744
3012
300912
200216754
1537
142003
1417
1427
1440
100006925
12503
100006799
100006919
100006906
4204
142001
1431
4338
200216862
200215256
200003313
100006483
200215257
100006482
100006506
100006510
100006503
200215251
100006581
130124
100006523
100704
1333
43
153709
142006
153701
153702
153703
505
153704
153713
153705
153717
153714
1904
153706
153708
153710
620
153711
200216496
23
41
4
2829
100004839
80
200140002
200004733
2118
200004732
5091002
200084032
200086030
200164002
200170001
200172001
200164005
200164006
200162001
200164004
200166003
200164003
200192008
200168003
200168004
2107
200216787
100003742
21110701
21110704
21110702
21110706
21111112
211107
100003738
2102
21111103
21110703
200003342
100003848
100003847
100006454
2138
100008562
211112
211108
100003838
100003837
2137
200003327
200003242
200003241
150415
200003243
211103
211105
211104
21200204
100006455
200003341
2112
211114
21110602
21110601
100003787
21110603
2126
21110604
21110605
100003788
2202
37013006
37013001
200216516
100001170
37013005
100001173
37013004
2129
2125
211101
200003239
2128
2124
2114
200003240
2127
200216296
2139
2116
826
2117
2141
211102
2209
2213
21110711
21111112
100003840
21111101
100003843
21111103
100003848
21111107
21111102
100003847
2132
2131
200003250
2133
21200201
21200202
100003825
21200203
100003828
100003826
100003829
100003827
100003830
211110
100003796
100003795
100003800
100003791
100003802
100003794
100003797
100003801
100003808
100003798
100003790
2115
200002651
200002640
200002641
200002648
200002649
200002650
200002655
200002656
200002658
200002652
200002654
200002657
100001669
200002644
2628
200002646
200002645
2605
200002626
200002627
2601
2621
2622
200002635
100001624
100001668
100001670
100001655
100001667
100001657
2630
200004596
2632
100006010
100001656
2621
2622
200002635
100001650
100001648
2625
100001652
100006009
100001663
200002642
100001682
100001638
100001639
2626
2615
2607
200002647
2623
100001640
100001654
100001641
200002638
200002659
200002660
200002637
100006011
100006779
100001632
100001634
200002664
2629
2601
200002628
200002631
200002632