32446069992
32719512603
32648054428
32717728328
32243075158
32654352610
32686243536
32560204129
32559190185
2055512777
32614437832
32525431865
32736396056
32670051085
32717319269
32691910416
32682425694
32467936508
32249675644
32319870544
32602255273
32470827775
32633558121
1479544908
32678551390
32666058581
32762262205
32642621972
32727205800
2040768197
32352078502
32573384332
32621668766
32584997339
32287189940
32524956507
32655446818
32727530896
32373526803
32709152513
32429871499
32720774278
32707179010
32795887882
32694217954
32303107531
32616030329
32356551387
32671166883
32650966537
32702964660
32713917329
32722743730
32525763438
32676054661
32752467891
32771769615
32744175443
32697614228
32738422301
32698422215
32501199815
32303575633
32684438401
32794645476
32636407819
32593286326
32250335296
32734236277
32796504195
32707205643
32784679233
32653938878
32719087476
32615544463
32639535909
32427774627
32647012937
32266436772
32660756694
32565661124
32709169504
32644274247
32622009808
32670394860
32717592956
32675534014
32252140542
32786701913
32721172909
32664315774
32692129676
32410761669
32635923528
32542895001
32665795519
32675304658
32658279820
32459589666
32594828599
32678163045
32667313005
32634761575
32776739424
32337273056
32681194585
32696106228
32716617339
32709745182
32241607153
32797503535
32658376098
32648002521
32693074044
32795234961
32561035087
32473760834
32784777610
32307930681
32767990349
32556578221
32701962604
32616374204
32637454345
32729968580
32794508809
32742191282
32636602975
32651256499
32676405498
32699838760
32335285726
32793609266
32696868883
32716686450
32794756333
32775836682
32793547560
32564882661
32471001846
32761474080
32741202559
32693112234
1652472444
32686952012
32601362851
32736584410
32749709600
32685521764
32738394376
32681682499
32695938380
32801311998
32744309707
32680081878
32673039437
32693828791
32719155052
32311569174
32676233843
32753063178
32537707999
32685606637
32614603331
32418682554
32765063586
32728909295
32707413030
32659690470
32793855759
32628742664
32755938023
32677798091
32723174499
32773761218
32460789182
32390094511
32692236351
32754764110
32692003239
32706466041
32667937419
32795436717
32650010057
32751006803
32614578062
32587468323
32307419307
32325297137
32722297007
32723485922
32765410747
32731107645
32794206665
32650481789
32464948809
32713054512
32643420840
32300279948
32762601964
32694542026
32709601933
32646522095
32254440265
32549093069
32627159236
1334175633
32615308050
32713556401
32683573107
32611873542
32772651261
32795044870
32668219268
32774949088
32766716631
32707195631
32782713191
32317798098
32692747372
32744862085
32696369100
32785574433
32461548190
32603401847
32628686570
32697982271
32707826465
32679059829
32791984451
32714581947
32522103241
32747251771
32721023176
32691106210
32250808017
32791349353
32754718482
32726853434
32649040485
32705890728
32567951097
32789835711
32793263887
1000001135023
32701549269
32685037826
32654502332
32656313420
32654136088
32708518819
32608417120
32795410095
32665729594
1783218843
32795122507
32660255522
32598086537
32749733328
32793820990
32610201977
32699142867
32796499311
32793980227
32657227123
32646374101
32652935797
32797455809
32364046088
32717342838
32673377530
32658062933
32712346254
32343010226
32502754573
32702790492
32773365701
32576118648
32694964197
32522523782
32568781599
32568709339
32395909423
32676039071
32785799002
32599661276
32692512305
32656699425
32787940140
32460480473
32713361390
32764353543
32741344042
32682230725
32742688177
32370543588
32711652550
32482413416
32675929172
32511453876
32342990414
32585095450
32720249880
32701124508
32669575865
32584260069
1992890352
32483665321
32490706932
32594354795
32787753120
32784899668
32669641251
32620945239
32471193816
32713324822
32643410778
32701247645
32720669007
32652661338
32711428700
32648890031
32795884236
32771753766
32621873256
32645503853
32674788370
32762785578
32760279241
32753464256
32761825626
32767569619
32682445653
32684303332
32710090209
32622649014
32583036424
32513928276
32777527172
32292808443
32589657063
32761808081
32730489201
32622955703
32770360306
32792882092
32737008081
32763534939
32788296353
32272103326
32539691644
32580928773
32519953135
32799539699
32734654021
32650481806
32665688931
32656581768
32249119964
32718651169
32700014164
32787649131
32594657055
32652028383
32751423573
32698548972
32621657005
32778579458
32587785300
32613255457
32794812478
32793533809
32655695058
32797464845
32794105367
32517577496
32656296606
32709109301
32560603707
32667603736
32709627978
32592116776
32598766526
32671882498
32794681786
32698046711
32437450881
32630875430
32755712163
32792111224
32760210133
32808243027
32711664998
32660783289
32307193939
32680765592
32682780905
32761313549
32694334974
32703107571
32770706322
32769060782
32601472306
32708041714
32704720905
32579016314
32356595087
32725708604
32400293156
32767858980
32549065990
32721495781
32685747573
32679363148
32760983816
32585077683
32780991044
32315292676
32782599791
32725362516
32611244022
32413085609
32393589236
32352966344
32741948763
32792141411
32635249482
1580289024
32695032574
32660840905
32700283011
32721443553
2029194100
32785448356
32515338365
32444715630
32794333409
32516866963
32778097778
32762343002
32797892860
32630714370
32685565125
32619375591
32794575364
32785320587
32690543631
32695512412
32732295010
32730271604
32659370676
32705132996
32759865329
32770366692
32795588232
32663142661
32778013821
32491256574
32760983313
32573087711
32667132266
32762314615
32648143067
32472598653
32699596089
32726753305
32776941590
32630223646
32498917899
32672466090
32669870482
32788646555
32792700310
32646988083
32644828502
32688854660
32689816685
32742072579
32797331445
32655303445
32719007394
32691140359
32756697606
32787622144
32776154349
32520605672
32765558232
32722300082
32697415182
32786944497
32672204548
32571206953
32698033111
2025956014
32789950729
32792904927
32774618075
32732241753
32795126303
32717608816
32735856202
32670889846
32721555774
32679828360
32761231273
32580395668
32582934505
32787516450
32655252957
32770190025
32796503095
32675149062
32730669047
32721498093
32658799935
32522524544
32793617073
32685708400
32252204078
32645171084
32649039136
32744660633
32259265609
32795300993
32698343414
32768194468
32797306834
32788817193
32762724707
32722243046
32683996762
32771749580
32688500020
32575040492
2037289942
32735263939
32710465385
32651600648
32775745236
32708486754
32354435533
32693876120
32721672365
32691593738
32680853948
32472844881
32783611917
32515453853
32667511217
32792093398
32797691394
32697695654
32740679332
32541545923
32781720999
32703300761
32755929729
32740751381
32646964191
32484117896
32572670874
32775839121
32669962494
32792146294
2027530158
32571217937
32735277246
32648223964
32691720297
32674398470
32703312060
32600042594
32698258028
32750550730
2017491113
32712815460
32422524937
32735012117
32622631871
32788922390
32720645537
32697707403
32608191165
32522588194
32605748713
32337957743
32790077692
32755137441
32699514581
32786415856
32744454680
32704262713
32764275636
32660849964
32520802445
32599982069
32575504321
32618776586
32749923464
32770057801
32335903908
32689744178
32559952319
32704070466
32689609892
32412586975
32782106404
32795467869
2049106949
32794800109
32764148194
32772347306
32319528634
741692579
32737908929
32672375785
32792364727
32792596288
32643786321
32659423321
32735311358
32260269084
32274851894
32675413181
32717768901
32671941957
32644412005
32718111393
32757374520
32421152304
32739965275
32648728354
32693015793
32491211644
32499030877
32796415611
32687811910
32767970479
32760847796
32704374601
32758736242
32731326220
32785215569
32678098217
32372416251
32651279468
32772735579
32620374058
32763854455
1970538941
32671943970
32687676138
32760983551
32659640860
32788238858
32727851278
32692593769
32671313217
32697040119
32310667447
32573697247
32695472381
32738017931
32698309801
32500784094
32737145173
1982362278
32733214778
32795410865
32509102910
32779330887
32698600869
32762154048
32698842045
32399914090
32736596545
32699195341
32500400301
32684425280
32429419768
32629880401
32597603322
32701516932
32736858349
32348495089
32281807629
32783178104
32764366198
32775626374
32796435427
32651038351
32779905582
32796617100
32629391833
32592099422
1916038945
32791261814
32600655453
32670671220
32790975496
32795081933
32758200525
32503704508
32486096679
32792758116
32652432698
32784871961
32305808429
32719469359
32581722267
32546503042
32597757365
32658122856
32794077353
32496185286
32731854877
32636899762
32799365240
32473397257
32445088961
2047309383
32713554362
32746639156
32287526148
32408129917
32682939096
32454846577
32264996520
32760682519
32765905876
32723122775
32621120612
32692577055
32790228109
32603318150
32710685025
32697718638
32652536394
32786077110
32758051873
32788344142
32681452786
32717724244
32679772993
32691243339
32725428407
32788293708
32692098159
32696995565
32696483447
32786853464
32552947403
32694210547
32727082945
32640351795
32750447802
32737385805
32795190549
32593138797
32791783079
32629966047
32787879477
32603326775
32769759073
32593370977
32664686004
32660922897
32716270602
32370122081
32796212760
32776528702
32649412545
32229466446
32696598020
32654934823
32232378128
32451614013
32652633391
32663817917
32780395313
32499328748
32796427394
32629936998
32788553452
32755951006
32659027524
32753642983
32644536923
32757526249
32749080157
32701565468
32685562259
32744378353
32796933160
32640249670
32662325018
32616268997
32299752026
32623560998
32407338095
32619128647
32695004373
32699579886
32298987583
32717124291
32791434743
32713331216
32221004325
32755871077
32772791290
32557497016
32703383576
32311649933
32432265963
32730997541
32706437685
32790575100
32788269502
32752757987
32784888842
32647824473
32645198161
32689558580
32428395796
32421827684
32613846949
32436075665
32760477959
2023657255
32633634100
32786565745
32752210651
32786105326
32695607158
32655732432
32654854942
32660496327
32604193911
32464881210
32657006314
32794332405
32579944111
32759313008
32769704354
32260694938
32772359222
32794748621
32563694777
32711211935
32669020413
32768879790
32347236769
32623668921
32798959424
32601967917
32793969037
32623675452
32737385767
32420427742
32673252241
32724436675
32668713358
32610101603
32712700856
32683309309
32590212099
32671430003
32661251509
32795420392
32611021938
32771110334
32726534876
32788941786
32649088534
32685282617
32287724398
32593223226
32653337263
32651424087
32689414915
