32721349215
32781704643
32741035596
32718526103
1806770590
1815587757
32749550954
32797328763
32688646069
32791448422
32792580250
32767316470
32527318791
32790339165
32709281368
32796471870
32627816809
32730047424
32795546299
32781652348
32361859569
32784980633
32331775812
32739503658
32379832161
32774346723
32769978784
32692662231
32654985321
32662571932
32630179495
32775963889
32751752652
32735504129
32785840314
32788160967
32792977783
32706283197
32792911968
32630179495
32775963889
32617597607
32751752652
32735504129
32785840314
32788160967
32792977783
32706283197
32678840354
32792911968
32669620742
32792288693
32789692778
32612820518
1721600884
32720984179
32776178856
32775679754
32704457689
32775652415
32798682392
32669392430
32617457091
32793309920
32780159674
32794903571
32729662655
32802734786
32780843178
32661765311
32785340072
32639164579
32727220954
32684178656
32692210267
32701246218
32454974191
32754667486
32689589724
32512741479
32776093646
32781788623
32693738714
32646829312
32726536995
32773721986
32687430478
32792797523
32735502668
32445626144
32707419519
32486125224
32662311982
32684137509
32771411127
32728282378
32689589724
32512741479
32803881784
32776093646
32781788623
32693738714
32646829312
32726536995
32773721986
32793188515
32687430478
32792797523
32735502668
32445626144
32707419519
32486125224
32662311982
32808995334
32684137509
32781956760
32671737397
32648634326
32788013118
32307812964
32726536995
32718089574
32798152472
32799522422
32744412224
32763567150
32793309920
32590541973
32797503973
32664193529
32628851911
32792690538
32645108111
32800877515
32674770530
32786826115
32774003810
32787808627
32358926954
32602916372
32648124047
32794898395
32790153088
32709856326
32621966542
32722247229
32664193529
32711814502
32348108853
32619208791
32457106527
32773986633
32626284527
32785436182
32705197731
32646606067
32596606328
32710139387
32691032791
32627342119
32284794545
1874478177
32734497015
32693576118
32447196856
32778188416
32785818813
32335151291
32690471436
32761603026
32435308934
32691112971
32582658289
32791678887
32760758771
32726512793
32802281009
32728185211
32610348870
32798828206
32742763301
32689734306
32486711248
32413179179
32799394221
32793121678
32705197731
32646606067
32596606328
32710139387
32691032791
32627342119
32787105509
32284794545
32699239078
32361910227
32709994431
32775711057
32725687566
32760049227
32788178210
32412592489
32614626382
32618585756
32584927956
32645108111
32678262375
32596941304
32412107042
32648144930
32740180350
32791830549
32783270008
32573888918
32603674108
32703573614
32802281009
32788949919
32788565638
32711957465
2048621567
32702088481
1899593384
32675285956
32787105509
32791923166
32669554691
32705707980
32778400624
32773672415
32530486841
32590541973
32608518832
32699239078
32361910227
32709994431
1000003601735
32775711057
32725687566
32760049227
32788178210
32412592489
32614626382
32618585756
32710724402
32584927956
32645108111
32678262375
32596941304
32412107042
32648144930
32740180350
32802859449
32791830549
32679336879
32682343834
32792470333
2020380254
32736088940
32631975454
32793332711
32532223393
1801434961
32698363415
32773746232
32787824865
32671794665
32599015683
32259667563
32651348148
32781614579
32797156999
32789293688
32541913580
32717923574
32464519164
32799131235
32292163448
32788146130
32571002679
32261913035
32508365597
32690927838
32789375137
32746818213
32670083892
32362801861
32793581997
32716867597
32647156675
32218202681
32780660902
32801759975
32668324115
32698818813
32751150067
32803457831
32704610980
32335976387
32792540794
32638140310
32759086941
32622736416
32679336879
32802404898
32682343834
32792470333
2020380254
32801006385
32736088940
32631975454
32793332711
32303972988
1801434961
32698363415
32773746232
32799582713
32532223393
32787824865
32671794665
32599015683
32259667563
32651348148
32781614579
32599975515
32797156999
32789293688
32541913580
32671737397
32713154728
32307812964
32744412224
32804898210
32780268476
32662109245
32465760157
32704493038
32616037992
1798319797
32736612835
1859911931
32802281009
32796045687
32775782683
32704914871
32665195405
32777782767
32636325131
32638833103
32787105509
32303972988
32752000845
32547928861
32763278051
32737616305
32751752652
32795334240
32616323048
32710675487
32622736416
32677713915
32711814502
1912439922
32789152879
32326038345
32594733657
32604293348
32702593440
32673375545
32728185211
32588682645
32689217365
32782418493
32796388716
32626989427
32638583760
32700385305
32726318603
32673375545
32797339491
32698648643
32691662873
32362969366
32697984237
32720248781
32297236721
32452401973
32671855017
32692662114
32725753768
32684557410
32723647496
32692251525
32456071899
32743145422
32656299499
32640087436
32631582870
32381013185
32506368385
32702088481
32614439690
32734497015
32788371389
32709522384
32759937594
32768897204
32798531408
32694289266
32783276128
32698132226
32665963903
32673751545
32385113777
32338689118
32439383799
2048548123
32613142624
32479403170
32635674302
32665437339
32741035596
32647156675
32693407448
32763009052
32791843867
32643557155
32623581284
32779916402
32421187068
32745374335
32726694003
32626405579
32780441586
1689427568
32613142624
1943227333
32374111204
32783683493
32627726588
32506368385
32699175100
32699608828
32710715009
32696542462
32783875743
32322725038
32643349335
32675073250
32792652779
32753400165
32776272052
32604152282
32634410449
32706607172
32791190351
32765590489
32750362855
32794194734
32711115285
32787385928
32803457831
32704763177
32579356388
32694011892
32781712427
32764509422
32372601573
32730261904
32802404898
32614803252
32413451378
1825605020
32680077795
32785424756
32687071312
32791957178
2030217445
1912439922
32649873803
1918374005
32786361866
32706607172
32791190351
32799173108
32765590489
32750362855
32794194734
32711115285
32787385928
32704763177
32579356388
32806237292
32694011892
32781712427
32764509422
32514383801
32372601573
32730261904
32614803252
32413451378
1825605020
32680077795
32722106128
32800212478
32575163838
32641657728
32676497069
32784520942
32695875764
32767486491
32713630778
32596643371
32622835523
32762713260
32706887319
32792281091
32777208344
32659699789
32658638840
32795974773
32615106797
32702731714
32744135572
32689724773
32484012068
32498783921
32775858050
32763773107
32654962132
32439278290
32583049797
32643953625
32558067195
32718089574
32694000894
32714037890
32603251659
32537041876
32726252215
32595820526
32575655648
1802111898
32795580904
32658235132
32666875696
32720149073
32618667703
32770089573
32710683522
32764326860
32653222831
32789458862
32793110854
32644895511
32644409684
32787246536
32665744877
2018572520
32508871542
32327124970
32779049238
32758101833
32446047488
32655693626
32787173337
32781956760
32397212546
32630716708
32795642921
32727021475
32612469010
32345020447
32215142339
32462074147
32708974588
32800599791
32350953888
32744366774
32789530351
32644141088
32664416434
32792039403
32303326534
32686997777
32707980709
32570855134
32739264504
32644895511
32644409684
32787246536
32665744877
32803390021
2018572520
32791192842
32604293348
32585995965
32332393216
32779124683
32623453724
32431993604
32691677359
2018048250
32667817146
32692221125
32749261945
32705804833
32704509129
32773720381
32610657247
32440241026
32625312468
32392324295
32646863933
32730927110
32747347567
32693239477
32751682383
32332929587
1000001957760
32747166289
1944043249
32709539544
32790113785
32679094878
32789878881
32748371919
32677431896
32758325709
550757971
32617597607
32794888233
32261247909
32565510211
32699725393
32462274520
32369568477
32739734357
32714303252
32654988853
32613698566
32730936981
32647691949
32792042494
32717898582
32617660652
32550760276
32713820306
32502390767
32257613328
32618390089
32334186537
32733497971
32778315037
32690725741
32646757542
32631056170
32706583480
32707299758
32691002598
32656038653
32666879828
32701708896
32665396490
32730116966
32358948255
1996133210
32773632990
32657376887
32696016468
726189178
32710675487
32706537508
32305351160
1932099027
32773632990
32627726588
32795220561
32771454587
32305870503
32733497971
32676817397
32787009278
32410591682
32619208791
32791019805
32261913035
1680172991
32740069868
32644895511
1689427568
1000001957760
32630316320
32701632590
32709539544
32790113785
32679094878
32789878881
32748371919
32677431896
32758325709
32798036583
550757971
32617597607
32794888233
32261247909
32565510211
32699725393
32462274520
32791957178
32369568477
32739734357
32714303252
32654988853
32667817146
32692221125
32805294456
32749261945
32705804833
32704509129
32773720381
32610657247
32440241026
32625312468
32682335121
32392324295
32646863933
32730927110
32747347567
32693239477
32751682383
32332929587
32807294715
1000001957760
32372545157
32720754769
32775183418
32780305173
32639960492
32782082285
32323157950
32780455712
1834936595
32561169425
32789710573
32411193108
32705200287
32726900908
32669328255
32362339144
32792202915
32529404765
32791220805
32777602252
32740602787
32540884214
32779697850
32300315256
1710478879
32704477185
32635424066
32514383801
32693407448
32621036768
32618800743
32654683893
32778000227
32688504055
32708056355
32800212478
32218818691
32769293115
32410591682
32631829572
32690725741
32646757542
32797427416
32631056170
32706583480
32707299758
32691002598
32656038653
32666879828
32701708896
32798801915
32665396490
32730116966
32358948255
1996133210
32773632990
32657376887
32696016468
32797806315
726189178
32740180350
32797843306
32757482730
32570855134
32704493038
32674685420
32588513536
32787270907
32699608828
32792042494
32802216325
32792470333
32793685943
32704597848
32603674108
32612469010
32726252215
32789896841
32701612297
1918374005
32728574354
32622408900
32664547137
32696005245
32621673343
32789499613
32326038345
32372691405
32797426944
32751841542
32615658672
32655273947
32644635686
32702670761
32792109341
32729665789
32692025243
32754513916
32273491966
32788293349
32602054225
32795280209
32785397921
32576825545
32792202915
32659003878
32659127967
32769293115
32798195049
32644944490
32797339491
2036207555
32738267011
32604152282
32773746232
32650345828
32364920794
32724019253
32643830475
32739282887
32562428661
32755827946
32783300070
32641928251
32643557155
32590595745
32788696582
32795086438
32685512383
32791089948
32635674302
32376961848
32582538005
32651603477
32487548879
32218153584
32763326933
32623723622
32630032313
32778056855
32688480473
32726538730
32600328052
32763622832
32725691283
32794637731
32801827143
32794638830
32635424066
32707011897
32785691646
32771380539
32218149746
32794264808
32751364317
32739539355
32350953888
32790952669
32794063959
32439407428
32801214685
32727220954
32750526580
32436838671
32670083892
32728574354
32751150067
1000001423940
32693705248
32751841542
32441310418
32669392430
32658849486
32789710573
32792540794
32248792133
32786423304
32734216401
32622068860
32801959412
32585877293
32432467195
32791950972
32789315127
1927881867
32523584456
32685905853
32745631580
32647320261
32689323944
32462649825
32663631540
32676317198
32795392209
32604626161
32757895868
32772994759
1993353766
32724634910
32682410702
32661643279
1825057493
32804283814
32573333714
32358233953
32723497515
32627824084
32743145422
32665912686
32274101905
32308140353
32752498003
32488832301
32456249638
32798128592
32736258320
32718416169
32439399461
32326235636
32463918284
32787951337
32675457731
32677321139
32416762616
32339606043
32750478091
32305870503
32717187804
1793764043
32695124209
32690918350
32794264808
32649969840
32704954601
830904227
32710267719
32740801397
32623319691
32515796990
32647473057
32731176789
32779859503
32783063839
32683358244
32753844738
32714172321
32729624994
32743609824
32701382903
32645403256
32646874665
32721002801
32798456649
32352113403
32591976014
32598027811
32597657016
32606769216
32788692930
32689303358
32718248575
32431437908
32661003723
32292476186
32658819557
32584929481
32753598491
32706599151
32700981298
32736612835
32664547137
32725532927
32626938492
32801053387
32588723325
32258327464
32801503524
32658267340
2018548667
32708974588
32798801242
32698387574
32700365511
32790335627
32585877293
32432467195
32791950972
32807340662
32789315127
1927881867
32523584456
32685905853
32745631580
32647320261
32689323944
32798129134
32462649825
32663631540
32676317198
32795392209
32350131712
32782080761
32792201400
32574308937
32705008356
32511433152
32687300012
32779537619
2048550204
32801512096
32376119141
32486608525
32298574141
32658040218
32779940754
32772127274
32614712657
32788729121
32798094612
32454532884
32309692043
32658267340
32783134225
32787487181
32791988594
32600328052
32778072389
32800796633
32655502954
32798195049
32655638059
32661686737
32674197174
32278294923
32665670335
32734494175
32765973393
32704597848
32777597863
32585815530
32303057561
32642168435
32690158944
32559147966
32418388731
32566033669
32659003878
32781352540
32672479157
32636363966
32664093494
32358956247
32338962782
32477450836
32619553225
32673067680
32664530757
32477721663
32671493030
32672074746
32698804586
32511596615
32680575535
32665744877
32679268970
32629927202
32712145369
32651080179
32793113038
32720397341
32793868776
32791190351
32747418438
32736790804
32647473057
32753844738
32793708941
32763278051
32778315037
32728463737
32744366774
32787914485
32727264002
32620077422
32643742171
32779697850
32751951107
32700755523
32638086318
32736258320
32777597863
32655084533
32799276439
32791456879
32797687383
32727120122
1821218893
32666145023
32608792024
32793164165
32705432699
1821218893
32381563878
32497678577
32775788142
32800549583
32684196724
32794646495
32306252573
32379946085
32702593440
32619268956
32700755523
32794063959
32461078943
32797427416
32601533177
32772865468
32350131712
32782080761
32703593301
32619623319
32630316320
32670949786
32692205176
32674607002
32756028839
32795190111
32598239101
32647240995
32439278279
32763009052
32789926200
32745289288
32610691030
32706757860
32659256372
32692692457
32762379314
32707246921
32782348893
32357727199
32671268591
32369145995
32744725226
32672854709
32784642444
1898720767
32736949163
32740255209
32655638059
32306823101
32731284412
32717187804
32719650197
32800370111
32231424150
32721002801
32747347567
2026014730
32655596919
32503622268
1000000996438
32638931541
32415893414
32658819557
32756386680
886321325
32763785938
32638086318
32744526394
32508982144
32357515016
32351922199
32660991784
32754577117
32715250251
32592909189
32710990372
32336207986
32781770922
32617000559
32708319864
32724019253
32701553248
32639535372
32661325932
32665375146
32218199463
32712712331
32632732567
32604811662
32397955270
32543379189
32713642215
32697171434
32742333106
32708569730
32638580876
32287001773
32287001773
32651923131
32216978804
32623690725
32431437908
32660981430
32655405879
2025232337
32485705209
32772673477
32667634970
32790098157
32688803761
32747245447
32701632590
32364314915
32749525584
32771454587
32786442265
32718323639
32655502954
32798195049
32799256471
32800796633
32655638059
32661686737
32674197174
32278294923
32665670335
32734494175
32805489842
32765973393
32704597848
32777597863
32585815530
32303057561
32642168435
32690158944
32803456646
32559147966
32418388731
32566033669
32806922049
32659003878
32672479157
32636363966
32664093494
32781352540
32358956247
32338962782
32764455274
32477450836
32619553225
32673067680
32664530757
32477721663
32671493030
32672074746
32787302103
32504145977
32727891002
32686208270
32739964355
1487521795
32790973311
1801131963
32567806782
32592670485
32695397340
32795371708
32316644969
32701585085
32652451721
32620559595
32700217415
1000001423940
32498492816
32786083779
32698473060
32262873615
32802006210
32799727869
32681156295
32449021699
32767462874
32757773053
32795061513
32792261309
32263599609
32606941984
32665410577
32691034550
32650136460
32731840790
32757437485
32787820709
32780318233
32760691567
32617597607
32597396286
32580014353
32678704278
32283830884
32790092958
32629927202
32782264280
1604467469
32645091188
32730755716
32615141537
32789454961
32664062763
32655927004
32742201533
32396601826
32729685686
32736790804
32782348893
32676330423
32747187797
32658781099
1895551064
32659802677
32325383371
32444669978
32612870212
32738267011
32621857642
32695056309
32756249390
32653670309
32575286217
32773430318
32786706678
32796882177
32334192431
32731840790
32776386380
32585064793
1000003339019
32710497836
32369538521
32707219119
1772424339
32670502261
32794673386
32777951578
32681193731
32589359183
32722216127
32646775149
32793859078
32591400199
32784549918
32371490156
32614511514
32764296898
32636245280
32439088635
32710556682
32439399461
32705983311
32789895222
32664416434
32708574745
32725041148
32688903053
32722232759
32779464295
32514362461
32680405305
32801586259
32274101905
32343704048
32303318733
32791507706
32667205520
32742911847
32779981359
32698197495
32696469785
32804761286
32779916402
32680575535
32707003991
32702117806
32725610012
32705983311
32790602480
32248792133
32514253395
32606941984
32665566812
1932099027
32716587232
32617681545
32703838357
32787776449
32751830807
32619108499
32338689118
32787486629
32570069459
32703239741
32423899804
32786160071
32725404907
32770118045
32218076762
32795288915
32671848029
32785691646
32793239778
32716522235
32438101727
32461705019
32793259387
32708574745
32612465719
32670534093
32688714673
32714483526
32610236069
32434718003
32725691283
32643216243
32456931755
32485143405
32707011897
32792069091
32678241557
32737562023
32757482730
32663130933
32777499349
32613142039
32746416573
32674372925
32717175166
32682739413
32787133567
32694962621
32737772921
32748256001
32788721548
32472886945
32616828065
32559219643
32647018943
32609608734
32677897335
32482587423
32743794190
32695490322
32779533335
32711360449
32656061271
32630173104
32727891002
32686208270
32739964355
1487521795
32790973311
1801131963
32567806782
32592670485
32316644969
32701585085
32695397340
32795371708
32652451721
32620559595
32700217415
1000001423940
32498492816
32786083779
32698473060
32262873615
32748759998
1580214745
32621857642
32756249390
32695056309
32653670309
32575286217
32773430318
32786706678
32400441720
32796882177
32334192431
32731840790
32776386380
32585064793
1000003339019
32710497836
32806765655
32369538521
32707219119
1772424339
32670502261
32683358244
32465760157
32779940754
32615662924
32798080898
32774357486
32800361118
32797704660
32700699486
32777373968
32790143975
32685388769
32636363966
32772539343
32804308706
32683822215
32439278279
32600307696
32775283563
32785968061
32789592616
32789317854
32677951154
32749386374
32602033350
32683540409
32335752845
32769696059
32673172468
32701473555
32784121346
32482826605
32719382642
32687577886
32372823985
32745406761
32658849486
32450018329
32795572295
32727602815
32369538521
32707219119
1772424339
32670502261
32794673386
32777951578
32681193731
32646775149
32589359183
32722216127
32793859078
32591400199
32784549918
32371490156
32614511514
32764296898
32636245280
32439088635
32710556682
32779987107
32751830807
32619108499
32338689118
32787486629
32570069459
32703239741
32423899804
32794039528
32786160071
32725404907
32770118045
32218076762
32795288915
32671848029
32785691646
32794568733
32793239778
32716522235
32438101727
32461705019
32696469785
32804761286
32779916402
32680575535
32707003991
32702117806
32725610012
32705983311
32790602480
32248792133
32514253395
32606941984
32665566812
1932099027
32716587232
32617681545
32703838357
32787776449
32751830807
32619108499
32338689118
32787486629
32570069459
32703239741
32423899804
32786160071
32725404907
32770118045
32218076762
32795288915
32671848029
32785691646
32793239778
32716522235
32438101727
32461705019
32793259387
32708574745
32612465719
32670534093
32735902131
32543355533
32751340966
32739785885
32788810796
32612497422
32626405856
32771399388
32762009636
32677179475
32789152879
32778493808
32249867765
32633874124
32643780253
32788704144
32619571618
32659127967
1833301701
32439383799
32656239429
32720665188
32740989846
32582981622
32705448332
32664341254
32374072784
32779820795
32692610690
32647698005
32795406674
32791626023
32756091456
32463066097
32655042364
1940945644
32278933547
32576305088
32701881942
32709555092
32639527601
32720449950
549381424
32742911847
32682470242
32728357111
32783429065
32776003055
2048171066
32686818352
32595094503
32620347123
32669248820
32592986639
32777678557
32654962451
32623988342
32779856358
32306823101
32672302906
32665410577
32761452926
32692421107
32718006207
32663966322
32700679685
32716221940
32660968475
32614507511
32776997994
32749481806
32686649597
32744607006
32625540827
32762021965
32568263917
32662843189
32705009279
32643742171
32705444131
32602033350
32683540409
32335752845
32769696059
32673172468
32701473555
32784121346
32797890982
32482826605
32719382642
32687577886
32372823985
32745406761
32658849486
32450018329
32798725521
32795572295
32727602815
32725298044
32670456629
32797194872
32801700745
32466233713
32616018288
32791210980
32746108355
32763167968
32755355262
32664322682
32541934769
32511596615
32359590510
32800347842
32514362461
32786500349
32730379551
32736900983
32745269210
32462900899
32759950015
32334911228
32789296568
32755706258
32801863140
32708945710
32641928251
32714303252
32639535372
32649873803
32781523678
32796858405
32638299571
32648379594
32697672860
32803364313
32678329075
32795288915
32654001518
32670828642
32770118045
32626133668
32798653592
32222096424
32764126713
32688695384
939616192
32704389852
32444733143
32621642771
32763387220
32303318733
32709797217
32413070711
32705017258
32717770224
32283503047
32465420872
32639451565
32648713298
32718320237
32785734356
32799972013
32749516277
32615091106
32715655788
32791129305
32573333714
32710936044
32781712565
32746416573
32791752308
32649516030
32786027282
32704314831
32802010836
32379946085
32485674409
32466332145
32662624012
32371856599
32659199654
32630213247
32724481430
32713565918
32511322726
32724508338
32389348121
32705297552
32665344820
32757437485
32700403879
32342680435
32718248575
32659613205
32611329486
32263679446
32622975476
32599648034
32608746619
1807009991
32778493808
32249867765
32633874124
32643780253
32788704144
32619571618
32659127967
32730342671
1833301701
32439383799
32602054225
32648379594
32252547377
32807655224
32731474505
32730402429
32796226930
1133088149
32263599609
32754353855
32721192634
32764180164
32715101286
32707219119
32657195837
32791171169
32613698566
1895551064
32782702806
32776383327
32601014826
32794512271
2046664247
32697010068
32610798623
32411193108
32612674084
32677524666
32713525431
32798801242
2048171066
32776003055
32686818352
32595094503
32620347123
32669248820
32592986639
32799256471
32777678557
32654962451
32623988342
32779856358
32306823101
32672302906
32585495573
32805489842
32679464698
32726179106
32588504894
32710212356
32648396596
32735537459
32773966727
32298528787
32248585486
32730554275
32655069056
32649121147
32218149791
32746254789
32394531595
32704133989
32673008779
32727351290
32509352969
32696040715
32384310829
32310545209
32661037394
32704485562
1569818622
32786955774
32713816684
32601633234
32706616871
1565164358
32775883538
32764455274
32240291293
32655701278
32783603468
32329063207
32785397921
32722094261
32683822215
32787302103
32799313314
32521395268
32712288131
32797194872
32583229806
32782984246
32789853825
32732877665
32618609924
1808717462
32791843867
1793433060
32736612039
32662648615
32683800640
32711458822
32802064412
32583255817
32595063513
32784642444
32631257843
32588680774
32794803218
32545610076
